Count of operations: 1 000 000, time in milliseconds
+-------------------------+-----------+-----------+-----------+-----------+-----------+
| Average from 10 results |    int    |   long    |   float   |  double   |  decimal  |
+-------------------------+-----------+-----------+-----------+-----------+-----------+
| +                       | 0,0046919 | 0,0049585 | 0,0047758 | 0,0047883 | 0,0683723 |
| -                       | 0,0046619 | 0,0047254 | 0,0047425 | 0,0046926 | 0,0641508 |
| ++ (prefix)             | 0,0037272 | 0,0045669 | 0,0056696 | 0,0056679 | 0,0701034 |
| ++ (postfix)            | 0,0038030 | 0,0045530 | 0,0055818 | 0,0055816 | 0,0699084 |
| *                       | 0,0046596 | 0,0072698 | 0,0046519 | 0,0046630 | 0,0397533 |
| /                       | 0,0072975 | 0,0234859 | 0,0078119 | 0,0078181 | 0,41 sec  |
+-------------------------+-----------+-----------+-----------+-----------+-----------+